data/10feb2023_mul_dep_lsoa_2011.asc
ncols        545
nrows        400
xllcorner    351619.429999999993
yllcorner    381087.698600000003
cellsize     100.000000000000
[rows 285 to 303 of 400, columns 258 to 300 of 545]
11.159999847412109375 11.159999847412109375 5.2979998588562011719 5.2979998588562011719 5.2979998588562011719 5.2979998588562011719 5.2979998588562011719 5.2979998588562011719 11.491999626159667969 11.491999626159667969 11.491999626159667969 11.491999626159667969 11.491999626159667969 13.092000007629394531 13.092000007629394531 13.092000007629394531 13.092000007629394531 13.092000007629394531 13.092000007629394531 10.536000251770019531 10.536000251770019531 10.536000251770019531 10.536000251770019531 10.536000251770019531 10.536000251770019531 10.536000251770019531 10.536000251770019531 10.536000251770019531 10.536000251770019531 10.536000251770019531 10.536000251770019531 10.536000251770019531 10.536000251770019531 10.536000251770019531 10.536000251770019531 14.302000045776367188 14.302000045776367188 45.19100189208984375 45.19100189208984375 45.19100189208984375 45.19100189208984375 45.19100189208984375 45.19100189208984375
11.159999847412109375 5.2979998588562011719 5.2979998588562011719 5.2979998588562011719 5.2979998588562011719 5.2979998588562011719 11.491999626159667969 11.491999626159667969 11.491999626159667969 11.491999626159667969 11.491999626159667969 11.491999626159667969 11.491999626159667969 13.092000007629394531 13.092000007629394531 13.092000007629394531 13.092000007629394531 9.1230001449584960938 9.1230001449584960938 9.1230001449584960938 10.536000251770019531 10.536000251770019531 10.536000251770019531 10.536000251770019531 10.536000251770019531 10.536000251770019531 10.536000251770019531 10.536000251770019531 10.536000251770019531 10.536000251770019531 10.536000251770019531 10.536000251770019531 10.536000251770019531 10.536000251770019531 14.302000045776367188 14.302000045776367188 14.302000045776367188 45.19100189208984375 45.19100189208984375 45.19100189208984375 45.19100189208984375 45.19100189208984375 45.19100189208984375
11.159999847412109375 5.2979998588562011719 5.2979998588562011719 8.6700000762939453125 5.2979998588562011719 5.2979998588562011719 5.2979998588562011719 11.491999626159667969 11.491999626159667969 11.491999626159667969 11.491999626159667969 11.491999626159667969 21.184999465942382812 21.184999465942382812 21.184999465942382812 21.184999465942382812 13.092000007629394531 9.1230001449584960938 9.1230001449584960938 9.1230001449584960938 10.536000251770019531 10.536000251770019531 10.536000251770019531 9.1230001449584960938 10.536000251770019531 10.536000251770019531 10.536000251770019531 10.536000251770019531 10.536000251770019531 10.536000251770019531 10.536000251770019531 10.536000251770019531 14.302000045776367188 14.302000045776367188 14.302000045776367188 14.302000045776367188 14.302000045776367188 45.19100189208984375 45.19100189208984375 45.19100189208984375 45.19100189208984375 45.19100189208984375 45.19100189208984375
8.6700000762939453125 8.6700000762939453125 8.6700000762939453125 8.6700000762939453125 8.6700000762939453125 9.243000030517578125 9.243000030517578125 9.243000030517578125 11.491999626159667969 11.491999626159667969 11.491999626159667969 21.184999465942382812 21.184999465942382812 21.184999465942382812 21.184999465942382812 21.184999465942382812 9.1230001449584960938 9.1230001449584960938 9.1230001449584960938 9.1230001449584960938 9.1230001449584960938 9.1230001449584960938 9.1230001449584960938 10.536000251770019531 10.536000251770019531 10.536000251770019531 10.536000251770019531 10.536000251770019531 10.536000251770019531 10.536000251770019531 10.536000251770019531 10.536000251770019531 14.302000045776367188 14.302000045776367188 14.302000045776367188 14.302000045776367188 14.302000045776367188 14.302000045776367188 45.19100189208984375 45.19100189208984375 45.19100189208984375 45.19100189208984375 45.19100189208984375
8.6700000762939453125 8.6700000762939453125 8.6700000762939453125 8.6700000762939453125 9.243000030517578125 9.243000030517578125 9.243000030517578125 9.243000030517578125 9.243000030517578125 9.243000030517578125 9.243000030517578125 21.184999465942382812 21.184999465942382812 21.184999465942382812 21.184999465942382812 9.1230001449584960938 9.1230001449584960938 9.1230001449584960938 9.1230001449584960938 9.1230001449584960938 9.1230001449584960938 9.1230001449584960938 9.1230001449584960938 10.536000251770019531 10.536000251770019531 10.536000251770019531 10.536000251770019531 8.2170000076293945312 10.536000251770019531 10.536000251770019531 10.536000251770019531 8.2170000076293945312 14.302000045776367188 14.302000045776367188 14.302000045776367188 14.302000045776367188 14.302000045776367188 14.302000045776367188 45.19100189208984375 45.19100189208984375 45.19100189208984375 45.19100189208984375 45.19100189208984375
8.6700000762939453125 8.6700000762939453125 8.6700000762939453125 9.243000030517578125 9.243000030517578125 9.243000030517578125 9.243000030517578125 9.243000030517578125 9.243000030517578125 9.243000030517578125 21.184999465942382812 21.184999465942382812 21.184999465942382812 21.184999465942382812 21.184999465942382812 9.1230001449584960938 9.1230001449584960938 9.1230001449584960938 9.1230001449584960938 9.1230001449584960938 9.1230001449584960938 9.1230001449584960938 9.1230001449584960938 9.3789997100830078125 9.3789997100830078125 10.536000251770019531 8.2170000076293945312 8.2170000076293945312 8.2170000076293945312 8.2170000076293945312 8.2170000076293945312 8.2170000076293945312 8.2170000076293945312 14.302000045776367188 14.302000045776367188 14.302000045776367188 14.302000045776367188 14.302000045776367188 14.302000045776367188 45.19100189208984375 45.19100189208984375 45.19100189208984375 45.19100189208984375
8.6700000762939453125 8.6700000762939453125 8.6700000762939453125 8.6700000762939453125 9.243000030517578125 9.243000030517578125 9.243000030517578125 9.243000030517578125 9.243000030517578125 21.184999465942382812 21.184999465942382812 21.184999465942382812 21.184999465942382812 21.184999465942382812 21.184999465942382812 21.184999465942382812 9.1230001449584960938 9.1230001449584960938 9.1230001449584960938 9.1230001449584960938 9.1230001449584960938 9.1230001449584960938 9.1230001449584960938 9.3789997100830078125 9.3789997100830078125 8.2170000076293945312 8.2170000076293945312 8.2170000076293945312 8.2170000076293945312 8.2170000076293945312 8.2170000076293945312 8.2170000076293945312 8.2170000076293945312 14.302000045776367188 14.302000045776367188 14.302000045776367188 14.302000045776367188 14.302000045776367188 14.302000045776367188 14.302000045776367188 45.19100189208984375 45.19100189208984375 26.239000320434570312
8.6700000762939453125 8.6700000762939453125 8.6700000762939453125 8.6700000762939453125 8.6700000762939453125 9.243000030517578125 9.243000030517578125 9.243000030517578125 9.243000030517578125 21.184999465942382812 21.184999465942382812 21.184999465942382812 21.184999465942382812 21.184999465942382812 21.184999465942382812 21.184999465942382812 21.184999465942382812 9.1230001449584960938 6.8769998550415039062 9.1230001449584960938 9.1230001449584960938 9.1230001449584960938 9.1230001449584960938 9.3789997100830078125 9.3789997100830078125 8.2170000076293945312 8.2170000076293945312 8.2170000076293945312 8.2170000076293945312 8.2170000076293945312 8.2170000076293945312 8.2170000076293945312 8.2170000076293945312 14.302000045776367188 14.302000045776367188 14.302000045776367188 14.302000045776367188 14.302000045776367188 14.302000045776367188 14.302000045776367188 14.302000045776367188 14.302000045776367188 14.302000045776367188
8.6700000762939453125 4.5079998970031738281 8.6700000762939453125 8.6700000762939453125 8.6700000762939453125 9.243000030517578125 9.243000030517578125 9.243000030517578125 21.184999465942382812 21.184999465942382812 21.184999465942382812 21.184999465942382812 21.184999465942382812 6.6529998779296875 6.6529998779296875 6.6529998779296875 21.184999465942382812 21.184999465942382812 6.8769998550415039062 9.3789997100830078125 9.3789997100830078125 9.1230001449584960938 9.3789997100830078125 9.3789997100830078125 8.2170000076293945312 8.2170000076293945312 8.2170000076293945312 8.2170000076293945312 8.2170000076293945312 8.2170000076293945312 8.2170000076293945312 14.302000045776367188 14.302000045776367188 14.302000045776367188 14.302000045776367188 14.302000045776367188 14.302000045776367188 14.302000045776367188 14.302000045776367188 14.302000045776367188 14.302000045776367188 14.302000045776367188 14.302000045776367188
3.3169999122619628906 4.5079998970031738281 4.5079998970031738281 8.6700000762939453125 8.6700000762939453125 9.243000030517578125 9.243000030517578125 6.6529998779296875 6.6529998779296875 21.184999465942382812 6.6529998779296875 6.6529998779296875 6.6529998779296875 6.8769998550415039062 6.8769998550415039062 6.6529998779296875 6.8769998550415039062 6.8769998550415039062 6.8769998550415039062 6.8769998550415039062 9.3789997100830078125 9.3789997100830078125 9.3789997100830078125 9.3789997100830078125 9.3789997100830078125 9.3789997100830078125 8.2170000076293945312 8.2170000076293945312 8.2170000076293945312 14.302000045776367188 8.2170000076293945312 14.302000045776367188 14.302000045776367188 14.302000045776367188 14.302000045776367188 14.302000045776367188 14.302000045776367188 14.302000045776367188 14.302000045776367188 14.302000045776367188 14.302000045776367188 14.302000045776367188 14.302000045776367188
3.3169999122619628906 4.5079998970031738281 4.5079998970031738281 4.5079998970031738281 8.6700000762939453125 9.243000030517578125 9.243000030517578125 6.6529998779296875 6.6529998779296875 6.6529998779296875 6.6529998779296875 6.6529998779296875 6.6529998779296875 6.8769998550415039062 6.8769998550415039062 6.8769998550415039062 6.8769998550415039062 6.8769998550415039062 6.8769998550415039062 6.8769998550415039062 9.3789997100830078125 9.3789997100830078125 9.3789997100830078125 9.3789997100830078125 9.3789997100830078125 9.3789997100830078125 8.2170000076293945312 8.2170000076293945312 8.2170000076293945312 14.302000045776367188 14.302000045776367188 14.302000045776367188 14.302000045776367188 14.302000045776367188 14.302000045776367188 14.302000045776367188 14.302000045776367188 14.302000045776367188 14.302000045776367188 14.302000045776367188 14.302000045776367188 14.302000045776367188 14.302000045776367188
3.3169999122619628906 3.3169999122619628906 4.5079998970031738281 4.5079998970031738281 4.5079998970031738281 9.243000030517578125 9.4490003585815429688 6.6529998779296875 6.6529998779296875 6.6529998779296875 6.6529998779296875 6.6529998779296875 6.8769998550415039062 6.8769998550415039062 6.8769998550415039062 6.8769998550415039062 6.8769998550415039062 6.8769998550415039062 6.8769998550415039062 6.8769998550415039062 9.3789997100830078125 9.3789997100830078125 9.3789997100830078125 9.3789997100830078125 11.543000221252441406 9.3789997100830078125 5.673999786376953125 5.673999786376953125 5.673999786376953125 5.673999786376953125 5.673999786376953125 5.673999786376953125 14.302000045776367188 14.302000045776367188 14.302000045776367188 14.302000045776367188 14.302000045776367188 14.302000045776367188 14.302000045776367188 14.302000045776367188 14.302000045776367188 14.302000045776367188 14.302000045776367188
3.3169999122619628906 3.3169999122619628906 4.5079998970031738281 4.5079998970031738281 4.5079998970031738281 9.4490003585815429688 9.4490003585815429688 9.4490003585815429688 6.6529998779296875 6.6529998779296875 6.6529998779296875 6.6529998779296875 6.6529998779296875 6.8769998550415039062 6.8769998550415039062 6.8769998550415039062 6.8769998550415039062 6.8769998550415039062 6.8769998550415039062 6.8769998550415039062 9.3789997100830078125 9.3789997100830078125 11.543000221252441406 11.543000221252441406 11.543000221252441406 5.673999786376953125 5.673999786376953125 5.673999786376953125 5.673999786376953125 5.673999786376953125 5.673999786376953125 40.40200042724609375 14.302000045776367188 14.302000045776367188 14.302000045776367188 14.302000045776367188 14.302000045776367188 14.302000045776367188 14.302000045776367188 14.302000045776367188 14.302000045776367188 14.302000045776367188 28.173999786376953125
4.5079998970031738281 4.5079998970031738281 4.5079998970031738281 4.5079998970031738281 4.5079998970031738281 9.4490003585815429688 9.4490003585815429688 9.4490003585815429688 4.1869997978210449219 4.1869997978210449219 6.6529998779296875 5.3949999809265136719 5.3949999809265136719 5.3949999809265136719 5.3949999809265136719 5.3949999809265136719 5.3949999809265136719 3.9270000457763671875 3.9270000457763671875 11.543000221252441406 11.543000221252441406 11.543000221252441406 11.543000221252441406 11.543000221252441406 11.543000221252441406 5.673999786376953125 5.673999786376953125 5.673999786376953125 5.673999786376953125 5.673999786376953125 5.673999786376953125 40.40200042724609375 40.40200042724609375 14.302000045776367188 14.302000045776367188 14.302000045776367188 14.302000045776367188 14.302000045776367188 14.302000045776367188 14.302000045776367188 14.302000045776367188 14.302000045776367188 28.173999786376953125
4.5079998970031738281 4.5079998970031738281 4.5079998970031738281 4.5079998970031738281 9.4490003585815429688 9.4490003585815429688 4.1869997978210449219 4.1869997978210449219 4.1869997978210449219 5.3949999809265136719 5.3949999809265136719 5.3949999809265136719 5.3949999809265136719 5.3949999809265136719 5.3949999809265136719 5.3949999809265136719 3.9270000457763671875 3.9270000457763671875 3.9270000457763671875 11.543000221252441406 11.543000221252441406 11.543000221252441406 11.543000221252441406 11.543000221252441406 11.543000221252441406 5.673999786376953125 5.673999786376953125 5.673999786376953125 40.40200042724609375 40.40200042724609375 40.40200042724609375 40.40200042724609375 40.40200042724609375 14.302000045776367188 14.302000045776367188 14.302000045776367188 14.302000045776367188 14.302000045776367188 14.302000045776367188 14.302000045776367188 14.302000045776367188 14.302000045776367188 28.173999786376953125
4.5079998970031738281 4.5079998970031738281 4.5079998970031738281 9.4490003585815429688 9.4490003585815429688 9.4490003585815429688 4.1869997978210449219 4.1869997978210449219 5.3949999809265136719 5.3949999809265136719 5.3949999809265136719 5.3949999809265136719 5.3949999809265136719 5.3949999809265136719 5.3949999809265136719 5.3949999809265136719 5.3949999809265136719 3.9270000457763671875 3.9270000457763671875 11.543000221252441406 11.543000221252441406 11.543000221252441406 11.543000221252441406 11.543000221252441406 11.543000221252441406 11.543000221252441406 5.673999786376953125 40.40200042724609375 40.40200042724609375 40.40200042724609375 40.40200042724609375 40.40200042724609375 40.40200042724609375 14.302000045776367188 14.302000045776367188 14.302000045776367188 14.302000045776367188 49.26200103759765625 49.26200103759765625 14.302000045776367188 14.302000045776367188 14.302000045776367188 28.173999786376953125
4.5079998970031738281 4.5079998970031738281 4.5079998970031738281 9.4490003585815429688 9.4490003585815429688 4.1869997978210449219 4.1869997978210449219 4.1869997978210449219 4.1869997978210449219 5.3949999809265136719 5.3949999809265136719 5.3949999809265136719 5.3949999809265136719 5.3949999809265136719 5.3949999809265136719 5.3949999809265136719 3.9270000457763671875 3.9270000457763671875 3.9270000457763671875 3.9270000457763671875 3.9270000457763671875 3.9270000457763671875 11.543000221252441406 11.543000221252441406 11.543000221252441406 11.543000221252441406 30.896999359130859375 30.896999359130859375 40.40200042724609375 40.40200042724609375 40.40200042724609375 40.40200042724609375 40.40200042724609375 40.40200042724609375 34.435001373291015625 49.26200103759765625 49.26200103759765625 49.26200103759765625 49.26200103759765625 49.26200103759765625 49.26200103759765625 50.12200164794921875 28.173999786376953125
4.5079998970031738281 4.5079998970031738281 9.4490003585815429688 9.4490003585815429688 9.4490003585815429688 4.1869997978210449219 4.1869997978210449219 4.1869997978210449219 4.1869997978210449219 4.1869997978210449219 5.3949999809265136719 5.3949999809265136719 5.3949999809265136719 5.3949999809265136719 5.3949999809265136719 5.3949999809265136719 3.9270000457763671875 3.9270000457763671875 3.9270000457763671875 3.9270000457763671875 3.9270000457763671875 11.543000221252441406 11.543000221252441406 11.543000221252441406 11.543000221252441406 30.896999359130859375 30.896999359130859375 30.896999359130859375 40.40200042724609375 40.40200042724609375 40.40200042724609375 40.40200042724609375 14.302000045776367188 34.435001373291015625 49.26200103759765625 49.26200103759765625 49.26200103759765625 49.26200103759765625 49.26200103759765625 49.26200103759765625 49.26200103759765625 50.12200164794921875 50.12200164794921875
4.5079998970031738281 9.4490003585815429688 9.4490003585815429688 9.4490003585815429688 9.4490003585815429688 4.1869997978210449219 4.1869997978210449219 4.1869997978210449219 4.1869997978210449219 5.3949999809265136719 4.1869997978210449219 4.1869997978210449219 4.1869997978210449219 5.3949999809265136719 5.3949999809265136719 5.3949999809265136719 3.9270000457763671875 3.9270000457763671875 3.9270000457763671875 3.9270000457763671875 10.404999732971191406 10.404999732971191406 11.543000221252441406 10.404999732971191406 10.404999732971191406 10.404999732971191406 30.896999359130859375 30.896999359130859375 30.896999359130859375 40.40200042724609375 40.40200042724609375 34.435001373291015625 34.435001373291015625 34.435001373291015625 34.435001373291015625 49.26200103759765625 49.26200103759765625 49.26200103759765625 49.26200103759765625 49.26200103759765625 49.26200103759765625 50.12200164794921875 50.12200164794921875
