data/10feb2023_mul_dep_lsoa_2011.asc
ncols        545
nrows        400
xllcorner    351619.429999999993
yllcorner    381087.698600000003
cellsize     100.000000000000
[rows 171 to 189 of 400, columns 387 to 429 of 545]
30.479999542236328125 30.479999542236328125 30.479999542236328125 30.479999542236328125 39.938999176025390625 39.938999176025390625 50.259998321533203125 50.259998321533203125 50.259998321533203125 50.259998321533203125 35.439998626708984375 35.439998626708984375 35.439998626708984375 46.269001007080078125 46.269001007080078125 46.269001007080078125 46.269001007080078125 46.269001007080078125 38.7220001220703125 38.7220001220703125 38.7220001220703125 64.51200103759765625 64.51200103759765625 64.51200103759765625 45.731998443603515625 45.731998443603515625 45.731998443603515625 57.157001495361328125 57.157001495361328125 57.157001495361328125 57.157001495361328125 57.157001495361328125 57.157001495361328125 57.157001495361328125 57.157001495361328125 57.157001495361328125 57.157001495361328125 44.55300140380859375 44.55300140380859375 36.313999176025390625 36.313999176025390625 36.313999176025390625 36.313999176025390625
39.16500091552734375 30.479999542236328125 30.479999542236328125 39.938999176025390625 49.7760009765625 39.938999176025390625 39.938999176025390625 50.259998321533203125 50.259998321533203125 35.439998626708984375 35.439998626708984375 35.439998626708984375 35.439998626708984375 35.439998626708984375 35.439998626708984375 35.439998626708984375 35.439998626708984375 38.7220001220703125 38.7220001220703125 38.7220001220703125 33.0540008544921875 33.0540008544921875 64.51200103759765625 64.51200103759765625 64.51200103759765625 45.731998443603515625 45.731998443603515625 45.731998443603515625 57.157001495361328125 57.157001495361328125 57.157001495361328125 57.157001495361328125 57.157001495361328125 57.157001495361328125 57.157001495361328125 57.157001495361328125 57.157001495361328125 45.393001556396484375 45.393001556396484375 36.313999176025390625 36.313999176025390625 36.313999176025390625 45.393001556396484375
39.16500091552734375 44.62799835205078125 49.7760009765625 49.7760009765625 49.7760009765625 49.7760009765625 50.259998321533203125 50.259998321533203125 50.259998321533203125 50.259998321533203125 35.439998626708984375 35.439998626708984375 35.439998626708984375 35.439998626708984375 35.439998626708984375 35.439998626708984375 38.7220001220703125 38.7220001220703125 38.7220001220703125 38.7220001220703125 33.0540008544921875 33.0540008544921875 64.51200103759765625 64.51200103759765625 64.51200103759765625 64.51200103759765625 45.731998443603515625 45.731998443603515625 45.731998443603515625 57.157001495361328125 57.157001495361328125 57.157001495361328125 57.157001495361328125 57.157001495361328125 57.157001495361328125 57.157001495361328125 57.157001495361328125 45.393001556396484375 45.393001556396484375 45.393001556396484375 45.393001556396484375 45.393001556396484375 45.393001556396484375
39.16500091552734375 44.62799835205078125 44.62799835205078125 44.62799835205078125 44.62799835205078125 44.62799835205078125 49.7760009765625 49.7760009765625 50.259998321533203125 35.439998626708984375 35.439998626708984375 35.439998626708984375 35.439998626708984375 35.439998626708984375 35.439998626708984375 21.628000259399414062 38.7220001220703125 38.7220001220703125 38.7220001220703125 33.0540008544921875 33.0540008544921875 64.51200103759765625 64.51200103759765625 64.51200103759765625 45.731998443603515625 45.731998443603515625 72.12400054931640625 72.12400054931640625 45.731998443603515625 45.731998443603515625 57.157001495361328125 57.157001495361328125 57.157001495361328125 57.157001495361328125 57.157001495361328125 57.157001495361328125 45.393001556396484375 45.393001556396484375 45.393001556396484375 45.393001556396484375 45.393001556396484375 45.393001556396484375 45.393001556396484375
44.62799835205078125 44.62799835205078125 49.7760009765625 44.62799835205078125 44.62799835205078125 44.62799835205078125 44.62799835205078125 49.7760009765625 53.44100189208984375 53.44100189208984375 35.439998626708984375 35.439998626708984375 35.439998626708984375 35.439998626708984375 35.439998626708984375 21.628000259399414062 38.7220001220703125 21.628000259399414062 21.628000259399414062 33.0540008544921875 33.0540008544921875 33.0540008544921875 39.060001373291015625 64.51200103759765625 45.731998443603515625 72.12400054931640625 72.12400054931640625 45.731998443603515625 45.731998443603515625 45.731998443603515625 45.731998443603515625 57.157001495361328125 57.157001495361328125 57.157001495361328125 57.157001495361328125 57.157001495361328125 45.393001556396484375 45.393001556396484375 45.393001556396484375 64.43599700927734375 64.43599700927734375 64.43599700927734375 45.393001556396484375
44.62799835205078125 49.7760009765625 49.7760009765625 49.7760009765625 44.62799835205078125 44.62799835205078125 49.7760009765625 49.7760009765625 53.44100189208984375 53.44100189208984375 53.44100189208984375 53.44100189208984375 35.439998626708984375 21.628000259399414062 21.628000259399414062 21.628000259399414062 21.628000259399414062 21.628000259399414062 33.0540008544921875 33.0540008544921875 33.0540008544921875 39.060001373291015625 39.060001373291015625 39.060001373291015625 72.12400054931640625 72.12400054931640625 72.12400054931640625 72.12400054931640625 45.731998443603515625 66.91500091552734375 66.91500091552734375 66.91500091552734375 57.157001495361328125 57.157001495361328125 57.157001495361328125 57.157001495361328125 45.393001556396484375 45.393001556396484375 64.43599700927734375 64.43599700927734375 64.43599700927734375 64.43599700927734375 64.43599700927734375
44.62799835205078125 49.7760009765625 49.7760009765625 49.7760009765625 49.7760009765625 49.7760009765625 49.7760009765625 53.44100189208984375 53.44100189208984375 53.44100189208984375 53.44100189208984375 53.44100189208984375 21.628000259399414062 21.628000259399414062 21.628000259399414062 21.628000259399414062 21.628000259399414062 21.628000259399414062 21.628000259399414062 33.0540008544921875 39.060001373291015625 39.060001373291015625 39.060001373291015625 39.060001373291015625 72.12400054931640625 72.12400054931640625 72.12400054931640625 72.12400054931640625 72.12400054931640625 66.91500091552734375 66.91500091552734375 66.91500091552734375 66.91500091552734375 57.157001495361328125 57.157001495361328125 57.157001495361328125 45.393001556396484375 45.393001556396484375 45.393001556396484375 64.43599700927734375 64.43599700927734375 64.43599700927734375 64.43599700927734375
44.62799835205078125 44.62799835205078125 44.62799835205078125 49.7760009765625 49.7760009765625 49.7760009765625 49.7760009765625 53.44100189208984375 53.44100189208984375 53.44100189208984375 53.44100189208984375 53.44100189208984375 53.44100189208984375 21.628000259399414062 21.628000259399414062 21.628000259399414062 21.628000259399414062 21.628000259399414062 21.628000259399414062 33.0540008544921875 39.060001373291015625 39.060001373291015625 39.060001373291015625 39.060001373291015625 72.12400054931640625 72.12400054931640625 72.12400054931640625 72.12400054931640625 72.12400054931640625 72.12400054931640625 66.91500091552734375 66.91500091552734375 66.91500091552734375 66.91500091552734375 57.157001495361328125 57.157001495361328125 45.393001556396484375 45.393001556396484375 45.393001556396484375 64.43599700927734375 64.43599700927734375 64.43599700927734375 64.43599700927734375
21.506000518798828125 44.62799835205078125 44.62799835205078125 49.7760009765625 49.7760009765625 49.7760009765625 53.44100189208984375 53.44100189208984375 53.44100189208984375 53.44100189208984375 53.44100189208984375 53.44100189208984375 53.44100189208984375 56.19300079345703125 21.628000259399414062 24.216999053955078125 24.216999053955078125 21.628000259399414062 24.216999053955078125 24.216999053955078125 39.060001373291015625 39.060001373291015625 39.060001373291015625 39.060001373291015625 72.12400054931640625 72.12400054931640625 40.98799896240234375 72.12400054931640625 66.91500091552734375 66.91500091552734375 66.91500091552734375 50.409999847412109375 66.91500091552734375 66.91500091552734375 66.91500091552734375 66.91500091552734375 66.91500091552734375 64.43599700927734375 64.43599700927734375 64.43599700927734375 64.43599700927734375 64.43599700927734375 64.43599700927734375
21.506000518798828125 47.174999237060546875 47.174999237060546875 47.174999237060546875 47.174999237060546875 53.44100189208984375 53.44100189208984375 53.44100189208984375 53.44100189208984375 56.19300079345703125 53.44100189208984375 56.19300079345703125 56.19300079345703125 56.19300079345703125 56.19300079345703125 24.216999053955078125 24.216999053955078125 24.216999053955078125 24.216999053955078125 24.216999053955078125 39.060001373291015625 39.060001373291015625 39.060001373291015625 39.060001373291015625 72.12400054931640625 72.12400054931640625 40.98799896240234375 40.98799896240234375 66.91500091552734375 50.409999847412109375 50.409999847412109375 66.91500091552734375 66.91500091552734375 66.91500091552734375 66.91500091552734375 66.91500091552734375 64.43599700927734375 64.43599700927734375 64.43599700927734375 64.43599700927734375 64.43599700927734375 64.43599700927734375 64.43599700927734375
21.506000518798828125 47.174999237060546875 47.174999237060546875 47.174999237060546875 47.174999237060546875 47.174999237060546875 47.174999237060546875 53.44100189208984375 35.715999603271484375 56.19300079345703125 56.19300079345703125 56.19300079345703125 56.19300079345703125 56.19300079345703125 56.19300079345703125 24.216999053955078125 24.216999053955078125 24.216999053955078125 24.216999053955078125 24.216999053955078125 24.216999053955078125 39.060001373291015625 39.060001373291015625 39.060001373291015625 39.060001373291015625 40.98799896240234375 40.98799896240234375 50.409999847412109375 40.98799896240234375 50.409999847412109375 50.409999847412109375 50.409999847412109375 66.91500091552734375 66.91500091552734375 66.91500091552734375 66.91500091552734375 64.43599700927734375 64.43599700927734375 64.43599700927734375 64.43599700927734375 64.43599700927734375 64.43599700927734375 64.43599700927734375
21.506000518798828125 47.174999237060546875 47.174999237060546875 47.174999237060546875 47.174999237060546875 47.174999237060546875 47.174999237060546875 47.174999237060546875 35.715999603271484375 56.19300079345703125 56.19300079345703125 56.19300079345703125 56.19300079345703125 56.19300079345703125 56.19300079345703125 56.19300079345703125 24.216999053955078125 24.216999053955078125 24.216999053955078125 24.216999053955078125 39.060001373291015625 39.060001373291015625 39.060001373291015625 39.060001373291015625 39.060001373291015625 40.98799896240234375 40.98799896240234375 50.409999847412109375 50.409999847412109375 50.409999847412109375 50.409999847412109375 66.91500091552734375 66.91500091552734375 66.91500091552734375 66.91500091552734375 64.43599700927734375 64.43599700927734375 64.43599700927734375 64.43599700927734375 64.43599700927734375 64.43599700927734375 64.43599700927734375 64.43599700927734375
21.506000518798828125 47.174999237060546875 47.174999237060546875 47.174999237060546875 47.174999237060546875 47.174999237060546875 47.174999237060546875 35.715999603271484375 35.715999603271484375 56.19300079345703125 56.19300079345703125 56.19300079345703125 56.19300079345703125 56.19300079345703125 56.19300079345703125 56.19300079345703125 24.216999053955078125 24.216999053955078125 24.216999053955078125 24.216999053955078125 39.060001373291015625 39.060001373291015625 39.060001373291015625 39.060001373291015625 39.060001373291015625 40.98799896240234375 40.98799896240234375 40.98799896240234375 50.409999847412109375 50.409999847412109375 66.91500091552734375 50.409999847412109375 50.409999847412109375 50.409999847412109375 50.409999847412109375 50.409999847412109375 64.43599700927734375 64.43599700927734375 64.43599700927734375 64.43599700927734375 64.43599700927734375 64.43599700927734375 64.43599700927734375
47.174999237060546875 47.174999237060546875 47.174999237060546875 47.174999237060546875 47.174999237060546875 47.174999237060546875 35.715999603271484375 35.715999603271484375 35.715999603271484375 56.19300079345703125 56.19300079345703125 56.36199951171875 56.19300079345703125 56.19300079345703125 64.91500091552734375 56.19300079345703125 24.216999053955078125 24.216999053955078125 24.216999053955078125 24.216999053955078125 39.060001373291015625 39.060001373291015625 39.060001373291015625 39.060001373291015625 39.060001373291015625 40.98799896240234375 40.98799896240234375 40.98799896240234375 50.409999847412109375 50.409999847412109375 50.409999847412109375 50.409999847412109375 50.409999847412109375 50.409999847412109375 50.409999847412109375 50.409999847412109375 33.9160003662109375 33.9160003662109375 33.9160003662109375 33.9160003662109375 33.9160003662109375 33.9160003662109375 33.9160003662109375
47.174999237060546875 47.174999237060546875 47.174999237060546875 47.174999237060546875 47.174999237060546875 47.174999237060546875 35.715999603271484375 35.715999603271484375 35.715999603271484375 56.36199951171875 56.36199951171875 56.36199951171875 56.36199951171875 56.36199951171875 56.36199951171875 64.91500091552734375 39.060001373291015625 39.060001373291015625 24.216999053955078125 24.216999053955078125 24.216999053955078125 39.060001373291015625 39.060001373291015625 39.060001373291015625 39.060001373291015625 40.98799896240234375 40.98799896240234375 40.98799896240234375 50.409999847412109375 50.409999847412109375 50.409999847412109375 50.409999847412109375 50.409999847412109375 50.409999847412109375 50.409999847412109375 50.409999847412109375 33.9160003662109375 33.9160003662109375 33.9160003662109375 33.9160003662109375 33.9160003662109375 33.9160003662109375 33.9160003662109375
23.02899932861328125 23.02899932861328125 23.02899932861328125 47.174999237060546875 35.715999603271484375 47.174999237060546875 35.715999603271484375 35.715999603271484375 35.715999603271484375 35.715999603271484375 56.36199951171875 56.36199951171875 56.36199951171875 56.36199951171875 64.91500091552734375 64.91500091552734375 39.060001373291015625 39.060001373291015625 39.060001373291015625 39.060001373291015625 39.060001373291015625 39.060001373291015625 39.060001373291015625 39.060001373291015625 39.060001373291015625 39.060001373291015625 40.98799896240234375 40.98799896240234375 40.98799896240234375 50.409999847412109375 50.409999847412109375 50.409999847412109375 50.409999847412109375 50.409999847412109375 50.409999847412109375 50.409999847412109375 33.9160003662109375 33.9160003662109375 33.9160003662109375 33.9160003662109375 33.9160003662109375 33.9160003662109375 33.9160003662109375
23.02899932861328125 23.02899932861328125 23.02899932861328125 47.174999237060546875 35.715999603271484375 47.174999237060546875 35.715999603271484375 35.715999603271484375 35.715999603271484375 35.715999603271484375 35.715999603271484375 56.36199951171875 56.36199951171875 56.36199951171875 64.91500091552734375 64.91500091552734375 64.91500091552734375 39.060001373291015625 39.060001373291015625 39.060001373291015625 39.060001373291015625 39.060001373291015625 39.060001373291015625 28.760999679565429688 28.760999679565429688 28.760999679565429688 40.98799896240234375 40.98799896240234375 40.98799896240234375 50.409999847412109375 50.409999847412109375 50.409999847412109375 50.409999847412109375 50.409999847412109375 50.409999847412109375 33.9160003662109375 33.9160003662109375 33.9160003662109375 33.9160003662109375 33.9160003662109375 33.9160003662109375 33.9160003662109375 33.9160003662109375
40.158000946044921875 23.02899932861328125 23.02899932861328125 35.715999603271484375 35.715999603271484375 35.715999603271484375 35.715999603271484375 35.715999603271484375 35.715999603271484375 35.715999603271484375 35.715999603271484375 56.36199951171875 56.36199951171875 64.91500091552734375 64.91500091552734375 64.91500091552734375 64.91500091552734375 64.91500091552734375 39.060001373291015625 39.060001373291015625 39.060001373291015625 39.060001373291015625 28.760999679565429688 28.760999679565429688 28.760999679565429688 28.760999679565429688 40.98799896240234375 40.98799896240234375 28.760999679565429688 28.760999679565429688 40.98799896240234375 50.409999847412109375 50.409999847412109375 50.409999847412109375 50.409999847412109375 33.9160003662109375 33.9160003662109375 33.9160003662109375 33.9160003662109375 33.9160003662109375 33.9160003662109375 33.9160003662109375 33.9160003662109375
40.158000946044921875 40.158000946044921875 23.02899932861328125 47.174999237060546875 35.715999603271484375 35.715999603271484375 35.715999603271484375 35.715999603271484375 35.715999603271484375 35.715999603271484375 35.715999603271484375 35.715999603271484375 64.91500091552734375 64.91500091552734375 64.91500091552734375 64.91500091552734375 64.91500091552734375 64.91500091552734375 28.760999679565429688 28.760999679565429688 28.760999679565429688 28.760999679565429688 28.760999679565429688 28.760999679565429688 28.760999679565429688 28.760999679565429688 28.760999679565429688 28.760999679565429688 28.760999679565429688 28.760999679565429688 28.760999679565429688 28.760999679565429688 50.409999847412109375 50.409999847412109375 50.409999847412109375 33.9160003662109375 33.9160003662109375 33.9160003662109375 33.9160003662109375 33.9160003662109375 33.9160003662109375 33.9160003662109375 33.9160003662109375
