data/10feb2023_mul_dep_lsoa_2011.asc
ncols        545
nrows        400
xllcorner    351619.429999999993
yllcorner    381087.698600000003
cellsize     100.000000000000
[rows 114 to 132 of 400, columns 172 to 214 of 545]
7.4869999885559082031 7.4869999885559082031 7.2389998435974121094 7.2389998435974121094 11.854999542236328125 11.854999542236328125 11.854999542236328125 11.854999542236328125 25.351999282836914062 25.351999282836914062 25.351999282836914062 25.351999282836914062 43.185001373291015625 43.185001373291015625 43.185001373291015625 43.185001373291015625 51.522998809814453125 51.522998809814453125 51.522998809814453125 51.522998809814453125 51.522998809814453125 76.79199981689453125 76.79199981689453125 76.79199981689453125 76.79199981689453125 76.79199981689453125 66.089996337890625 66.089996337890625 66.089996337890625 55.325000762939453125 66.089996337890625 55.325000762939453125 55.325000762939453125 66.089996337890625 66.089996337890625 66.089996337890625 66.089996337890625 36.979000091552734375 36.979000091552734375 36.979000091552734375 36.979000091552734375 32.560001373291015625 32.560001373291015625
7.4869999885559082031 7.4869999885559082031 7.2389998435974121094 7.2389998435974121094 7.2389998435974121094 7.2389998435974121094 11.854999542236328125 11.854999542236328125 25.351999282836914062 25.351999282836914062 25.351999282836914062 25.351999282836914062 43.185001373291015625 51.522998809814453125 51.522998809814453125 51.522998809814453125 51.522998809814453125 51.522998809814453125 55.325000762939453125 55.325000762939453125 55.325000762939453125 76.79199981689453125 76.79199981689453125 76.79199981689453125 76.79199981689453125 76.79199981689453125 66.089996337890625 66.089996337890625 55.325000762939453125 66.089996337890625 66.089996337890625 66.089996337890625 66.089996337890625 66.089996337890625 66.089996337890625 66.089996337890625 66.089996337890625 36.979000091552734375 36.979000091552734375 36.979000091552734375 36.979000091552734375 32.560001373291015625 32.560001373291015625
7.2389998435974121094 7.2389998435974121094 7.2389998435974121094 7.2389998435974121094 11.854999542236328125 7.2389998435974121094 11.854999542236328125 11.854999542236328125 25.351999282836914062 25.351999282836914062 25.351999282836914062 25.351999282836914062 43.185001373291015625 51.522998809814453125 51.522998809814453125 51.522998809814453125 51.522998809814453125 55.325000762939453125 55.325000762939453125 55.325000762939453125 55.325000762939453125 55.325000762939453125 76.79199981689453125 76.79199981689453125 76.79199981689453125 55.325000762939453125 55.325000762939453125 55.325000762939453125 55.325000762939453125 55.325000762939453125 55.325000762939453125 66.089996337890625 66.089996337890625 66.089996337890625 66.089996337890625 66.089996337890625 66.089996337890625 66.089996337890625 32.560001373291015625 32.560001373291015625 32.560001373291015625 32.560001373291015625 36.979000091552734375
7.4869999885559082031 7.4869999885559082031 11.854999542236328125 11.854999542236328125 11.854999542236328125 11.854999542236328125 11.854999542236328125 11.854999542236328125 11.854999542236328125 11.854999542236328125 43.185001373291015625 43.185001373291015625 43.185001373291015625 51.522998809814453125 51.522998809814453125 51.522998809814453125 55.325000762939453125 55.325000762939453125 55.325000762939453125 55.325000762939453125 55.325000762939453125 55.325000762939453125 76.79199981689453125 76.79199981689453125 55.325000762939453125 55.325000762939453125 55.325000762939453125 55.325000762939453125 55.325000762939453125 55.325000762939453125 66.089996337890625 66.089996337890625 66.089996337890625 66.089996337890625 66.089996337890625 66.089996337890625 66.089996337890625 66.089996337890625 66.089996337890625 66.089996337890625 32.560001373291015625 32.560001373291015625 32.560001373291015625
11.854999542236328125 7.4869999885559082031 7.4869999885559082031 11.854999542236328125 11.854999542236328125 11.854999542236328125 11.854999542236328125 11.854999542236328125 11.854999542236328125 11.854999542236328125 43.185001373291015625 43.185001373291015625 51.522998809814453125 51.522998809814453125 51.522998809814453125 51.522998809814453125 55.325000762939453125 55.325000762939453125 55.325000762939453125 55.325000762939453125 55.325000762939453125 55.325000762939453125 55.325000762939453125 55.325000762939453125 55.325000762939453125 55.325000762939453125 55.325000762939453125 55.325000762939453125 37.6139984130859375 37.6139984130859375 37.6139984130859375 37.6139984130859375 37.6139984130859375 37.6139984130859375 53.115001678466796875 53.115001678466796875 53.115001678466796875 53.115001678466796875 53.115001678466796875 53.115001678466796875 53.115001678466796875 32.560001373291015625 32.560001373291015625
7.4869999885559082031 11.854999542236328125 11.854999542236328125 11.854999542236328125 11.854999542236328125 11.854999542236328125 11.854999542236328125 11.854999542236328125 11.854999542236328125 11.854999542236328125 11.854999542236328125 43.185001373291015625 51.522998809814453125 51.522998809814453125 42.158000946044921875 42.158000946044921875 51.522998809814453125 55.325000762939453125 55.325000762939453125 55.325000762939453125 55.325000762939453125 55.325000762939453125 55.325000762939453125 55.325000762939453125 55.325000762939453125 55.325000762939453125 55.325000762939453125 55.325000762939453125 37.6139984130859375 37.6139984130859375 37.6139984130859375 37.6139984130859375 37.6139984130859375 37.6139984130859375 37.6139984130859375 53.115001678466796875 53.115001678466796875 53.115001678466796875 53.115001678466796875 53.115001678466796875 32.560001373291015625 32.560001373291015625 32.560001373291015625
11.854999542236328125 11.854999542236328125 7.4869999885559082031 11.854999542236328125 11.854999542236328125 11.854999542236328125 11.854999542236328125 11.854999542236328125 11.854999542236328125 11.854999542236328125 11.854999542236328125 42.158000946044921875 42.158000946044921875 42.158000946044921875 42.158000946044921875 42.158000946044921875 51.522998809814453125 42.158000946044921875 42.158000946044921875 55.325000762939453125 55.325000762939453125 55.325000762939453125 55.325000762939453125 55.325000762939453125 55.325000762939453125 55.325000762939453125 55.325000762939453125 55.325000762939453125 55.325000762939453125 37.6139984130859375 37.6139984130859375 37.6139984130859375 37.6139984130859375 37.6139984130859375 37.6139984130859375 37.6139984130859375 53.115001678466796875 53.115001678466796875 53.115001678466796875 53.115001678466796875 32.560001373291015625 32.560001373291015625 32.560001373291015625
11.854999542236328125 11.854999542236328125 7.4869999885559082031 7.4869999885559082031 7.4869999885559082031 11.854999542236328125 11.854999542236328125 40.755001068115234375 40.755001068115234375 40.755001068115234375 40.755001068115234375 40.755001068115234375 40.755001068115234375 42.158000946044921875 42.158000946044921875 42.158000946044921875 42.158000946044921875 42.158000946044921875 42.158000946044921875 42.158000946044921875 55.325000762939453125 55.325000762939453125 55.325000762939453125 55.325000762939453125 55.325000762939453125 55.325000762939453125 55.325000762939453125 55.325000762939453125 55.325000762939453125 59.21099853515625 59.21099853515625 37.6139984130859375 37.6139984130859375 37.6139984130859375 37.6139984130859375 53.115001678466796875 53.115001678466796875 53.115001678466796875 53.115001678466796875 53.115001678466796875 32.560001373291015625 32.560001373291015625 32.560001373291015625
7.4869999885559082031 7.4869999885559082031 7.4869999885559082031 7.4869999885559082031 7.4869999885559082031 11.854999542236328125 11.854999542236328125 40.755001068115234375 40.755001068115234375 40.755001068115234375 40.755001068115234375 40.755001068115234375 40.755001068115234375 40.755001068115234375 42.158000946044921875 42.158000946044921875 42.158000946044921875 42.158000946044921875 42.457000732421875 42.457000732421875 42.457000732421875 42.457000732421875 59.21099853515625 59.21099853515625 59.21099853515625 59.21099853515625 59.21099853515625 59.21099853515625 59.21099853515625 59.21099853515625 59.21099853515625 59.21099853515625 37.6139984130859375 37.6139984130859375 37.6139984130859375 37.6139984130859375 53.115001678466796875 53.115001678466796875 53.115001678466796875 53.115001678466796875 31.871000289916992188 31.871000289916992188 32.560001373291015625
7.4869999885559082031 7.4869999885559082031 7.4869999885559082031 7.4869999885559082031 7.4869999885559082031 40.755001068115234375 40.755001068115234375 40.755001068115234375 40.755001068115234375 40.755001068115234375 40.755001068115234375 40.755001068115234375 40.755001068115234375 40.755001068115234375 42.158000946044921875 57.854999542236328125 42.457000732421875 42.457000732421875 42.457000732421875 42.457000732421875 42.457000732421875 42.457000732421875 59.21099853515625 59.21099853515625 42.457000732421875 59.21099853515625 59.21099853515625 59.21099853515625 59.21099853515625 59.21099853515625 59.21099853515625 59.21099853515625 37.6139984130859375 37.6139984130859375 37.6139984130859375 37.6139984130859375 31.871000289916992188 31.871000289916992188 31.871000289916992188 31.871000289916992188 31.871000289916992188 31.871000289916992188 31.871000289916992188
7.4869999885559082031 7.4869999885559082031 7.4869999885559082031 7.4869999885559082031 13.803999900817871094 40.755001068115234375 40.755001068115234375 40.755001068115234375 40.755001068115234375 40.755001068115234375 40.755001068115234375 40.755001068115234375 40.755001068115234375 57.854999542236328125 57.854999542236328125 57.854999542236328125 42.457000732421875 42.457000732421875 42.457000732421875 42.457000732421875 42.457000732421875 42.457000732421875 42.457000732421875 42.457000732421875 42.457000732421875 59.21099853515625 59.21099853515625 59.21099853515625 59.21099853515625 59.21099853515625 59.21099853515625 59.21099853515625 59.21099853515625 37.6139984130859375 37.6139984130859375 37.6139984130859375 37.6139984130859375 37.6139984130859375 31.871000289916992188 31.871000289916992188 31.871000289916992188 31.871000289916992188 31.871000289916992188
7.4869999885559082031 7.4869999885559082031 7.4869999885559082031 13.803999900817871094 13.803999900817871094 40.755001068115234375 40.755001068115234375 40.755001068115234375 40.755001068115234375 40.755001068115234375 40.755001068115234375 40.755001068115234375 40.755001068115234375 40.755001068115234375 57.854999542236328125 57.854999542236328125 57.854999542236328125 42.457000732421875 51.382999420166015625 42.457000732421875 42.457000732421875 42.457000732421875 42.457000732421875 42.457000732421875 59.21099853515625 59.21099853515625 59.21099853515625 59.21099853515625 59.21099853515625 59.21099853515625 59.21099853515625 59.21099853515625 59.21099853515625 37.6139984130859375 37.6139984130859375 37.6139984130859375 37.6139984130859375 37.6139984130859375 37.6139984130859375 31.871000289916992188 31.871000289916992188 31.871000289916992188 31.871000289916992188
13.803999900817871094 13.803999900817871094 13.803999900817871094 13.803999900817871094 13.803999900817871094 40.755001068115234375 40.755001068115234375 40.755001068115234375 40.755001068115234375 40.755001068115234375 40.755001068115234375 40.755001068115234375 40.755001068115234375 40.755001068115234375 57.854999542236328125 57.854999542236328125 57.854999542236328125 57.854999542236328125 51.382999420166015625 51.382999420166015625 51.382999420166015625 42.457000732421875 42.457000732421875 42.457000732421875 59.21099853515625 59.21099853515625 59.21099853515625 59.21099853515625 59.21099853515625 59.21099853515625 59.21099853515625 59.21099853515625 59.21099853515625 59.21099853515625 37.6139984130859375 37.6139984130859375 37.6139984130859375 37.6139984130859375 37.6139984130859375 37.6139984130859375 37.6139984130859375 31.871000289916992188 31.871000289916992188
13.803999900817871094 13.803999900817871094 13.803999900817871094 13.803999900817871094 13.803999900817871094 40.755001068115234375 40.755001068115234375 40.755001068115234375 40.755001068115234375 40.755001068115234375 40.755001068115234375 40.755001068115234375 40.755001068115234375 47.1360015869140625 57.854999542236328125 57.854999542236328125 57.854999542236328125 51.382999420166015625 51.382999420166015625 51.382999420166015625 51.382999420166015625 51.382999420166015625 51.382999420166015625 59.21099853515625 59.21099853515625 59.21099853515625 59.21099853515625 59.21099853515625 59.21099853515625 59.21099853515625 59.21099853515625 59.21099853515625 59.21099853515625 59.21099853515625 37.6139984130859375 37.6139984130859375 37.6139984130859375 37.6139984130859375 37.6139984130859375 37.6139984130859375 37.6139984130859375 37.6139984130859375 31.871000289916992188
13.803999900817871094 13.803999900817871094 13.803999900817871094 13.803999900817871094 13.803999900817871094 40.755001068115234375 40.755001068115234375 40.755001068115234375 40.755001068115234375 40.755001068115234375 40.755001068115234375 47.1360015869140625 47.1360015869140625 47.1360015869140625 47.1360015869140625 57.854999542236328125 57.854999542236328125 57.854999542236328125 51.382999420166015625 51.382999420166015625 51.382999420166015625 51.382999420166015625 51.382999420166015625 59.21099853515625 59.21099853515625 59.21099853515625 59.21099853515625 59.21099853515625 59.21099853515625 59.21099853515625 59.21099853515625 59.21099853515625 59.21099853515625 37.6139984130859375 37.6139984130859375 37.6139984130859375 37.6139984130859375 37.6139984130859375 44.707000732421875 37.6139984130859375 37.6139984130859375 37.6139984130859375 31.871000289916992188
13.803999900817871094 13.803999900817871094 13.803999900817871094 40.755001068115234375 40.755001068115234375 40.755001068115234375 40.755001068115234375 40.755001068115234375 30.676000595092773438 30.676000595092773438 30.676000595092773438 30.676000595092773438 47.1360015869140625 47.1360015869140625 47.1360015869140625 45.5540008544921875 45.5540008544921875 45.5540008544921875 45.5540008544921875 51.382999420166015625 51.382999420166015625 43.130001068115234375 43.130001068115234375 43.130001068115234375 43.130001068115234375 43.130001068115234375 59.21099853515625 59.21099853515625 59.21099853515625 59.21099853515625 59.21099853515625 55.16899871826171875 55.16899871826171875 37.6139984130859375 37.6139984130859375 37.6139984130859375 37.6139984130859375 37.6139984130859375 37.6139984130859375 44.707000732421875 44.707000732421875 44.707000732421875 44.707000732421875
13.803999900817871094 13.803999900817871094 13.803999900817871094 40.755001068115234375 40.755001068115234375 40.755001068115234375 40.755001068115234375 30.676000595092773438 30.676000595092773438 30.676000595092773438 30.676000595092773438 30.676000595092773438 47.1360015869140625 45.162998199462890625 45.162998199462890625 45.5540008544921875 45.5540008544921875 45.5540008544921875 45.5540008544921875 51.382999420166015625 51.382999420166015625 43.130001068115234375 43.130001068115234375 43.130001068115234375 43.130001068115234375 59.21099853515625 59.21099853515625 59.21099853515625 59.21099853515625 59.21099853515625 55.16899871826171875 55.16899871826171875 55.16899871826171875 37.6139984130859375 37.6139984130859375 37.6139984130859375 37.6139984130859375 37.6139984130859375 37.6139984130859375 44.707000732421875 44.707000732421875 44.707000732421875 44.707000732421875
13.803999900817871094 13.803999900817871094 13.803999900817871094 13.803999900817871094 40.755001068115234375 40.755001068115234375 40.755001068115234375 30.676000595092773438 30.676000595092773438 30.676000595092773438 47.1360015869140625 47.1360015869140625 45.162998199462890625 45.162998199462890625 45.162998199462890625 45.5540008544921875 45.5540008544921875 45.5540008544921875 45.5540008544921875 32.073001861572265625 51.382999420166015625 43.130001068115234375 43.130001068115234375 43.130001068115234375 43.130001068115234375 59.21099853515625 59.21099853515625 59.21099853515625 55.16899871826171875 55.16899871826171875 55.16899871826171875 55.16899871826171875 55.16899871826171875 37.6139984130859375 37.6139984130859375 44.707000732421875 37.6139984130859375 37.6139984130859375 37.6139984130859375 44.707000732421875 44.707000732421875 44.707000732421875 44.707000732421875
13.803999900817871094 13.803999900817871094 13.803999900817871094 40.755001068115234375 40.755001068115234375 40.755001068115234375 40.755001068115234375 40.755001068115234375 30.676000595092773438 47.1360015869140625 47.1360015869140625 45.162998199462890625 45.162998199462890625 45.162998199462890625 46.595001220703125 45.162998199462890625 46.595001220703125 46.595001220703125 32.073001861572265625 32.073001861572265625 32.073001861572265625 43.130001068115234375 43.130001068115234375 43.130001068115234375 43.130001068115234375 59.21099853515625 59.21099853515625 55.16899871826171875 55.16899871826171875 55.16899871826171875 55.16899871826171875 55.16899871826171875 55.16899871826171875 55.16899871826171875 37.6139984130859375 44.707000732421875 44.707000732421875 44.707000732421875 44.707000732421875 44.707000732421875 44.707000732421875 44.707000732421875 44.707000732421875
