data/10feb2023_mul_dep_lsoa_2011.asc
ncols        545
nrows        400
xllcorner    351619.429999999993
yllcorner    381087.698600000003
cellsize     100.000000000000
[rows 190 to 208 of 400, columns 301 to 343 of 545]
20.4160003662109375 20.4160003662109375 20.4160003662109375 17.837999343872070312 17.837999343872070312 20.4160003662109375 20.4160003662109375 17.837999343872070312 16.729000091552734375 16.729000091552734375 16.729000091552734375 16.729000091552734375 16.729000091552734375 16.729000091552734375 20.34799957275390625 20.34799957275390625 20.34799957275390625 20.34799957275390625 20.34799957275390625 20.34799957275390625 54.283000946044921875 54.283000946044921875 54.283000946044921875 54.283000946044921875 52.34799957275390625 52.34799957275390625 52.34799957275390625 52.34799957275390625 52.34799957275390625 52.34799957275390625 44.467998504638671875 44.467998504638671875 44.467998504638671875 47.146999359130859375 47.146999359130859375 47.146999359130859375 47.146999359130859375 47.146999359130859375 41.6699981689453125 41.6699981689453125 41.6699981689453125 68.9219970703125 68.9219970703125
20.4160003662109375 20.4160003662109375 20.4160003662109375 17.837999343872070312 17.837999343872070312 20.4160003662109375 20.4160003662109375 17.837999343872070312 16.729000091552734375 16.729000091552734375 16.729000091552734375 16.729000091552734375 16.729000091552734375 16.729000091552734375 16.729000091552734375 20.34799957275390625 20.34799957275390625 20.34799957275390625 20.34799957275390625 20.34799957275390625 54.283000946044921875 54.283000946044921875 54.283000946044921875 54.283000946044921875 52.34799957275390625 52.34799957275390625 52.34799957275390625 44.467998504638671875 44.467998504638671875 44.467998504638671875 44.467998504638671875 44.467998504638671875 44.467998504638671875 47.146999359130859375 47.146999359130859375 47.146999359130859375 47.146999359130859375 41.6699981689453125 41.6699981689453125 41.6699981689453125 68.9219970703125 68.9219970703125 68.9219970703125
20.4160003662109375 20.4160003662109375 20.4160003662109375 20.4160003662109375 20.4160003662109375 20.4160003662109375 20.4160003662109375 16.729000091552734375 16.729000091552734375 16.729000091552734375 16.729000091552734375 40.220001220703125 16.729000091552734375 20.34799957275390625 20.34799957275390625 20.34799957275390625 20.34799957275390625 34.575000762939453125 20.34799957275390625 34.575000762939453125 34.575000762939453125 54.283000946044921875 54.283000946044921875 52.34799957275390625 52.34799957275390625 52.34799957275390625 52.34799957275390625 44.467998504638671875 44.467998504638671875 44.467998504638671875 44.467998504638671875 44.467998504638671875 44.467998504638671875 47.146999359130859375 47.146999359130859375 44.467998504638671875 47.146999359130859375 41.6699981689453125 41.6699981689453125 41.6699981689453125 68.9219970703125 68.9219970703125 68.9219970703125
20.4160003662109375 20.4160003662109375 20.4160003662109375 20.4160003662109375 20.4160003662109375 20.4160003662109375 40.220001220703125 40.220001220703125 40.220001220703125 16.729000091552734375 16.729000091552734375 40.220001220703125 40.220001220703125 20.34799957275390625 34.575000762939453125 20.34799957275390625 34.575000762939453125 34.575000762939453125 34.575000762939453125 34.575000762939453125 34.575000762939453125 67.29000091552734375 67.29000091552734375 30.784999847412109375 30.784999847412109375 30.784999847412109375 44.467998504638671875 44.467998504638671875 44.467998504638671875 44.467998504638671875 44.467998504638671875 44.467998504638671875 44.467998504638671875 47.146999359130859375 47.146999359130859375 44.467998504638671875 44.467998504638671875 75.035003662109375 41.6699981689453125 41.6699981689453125 68.9219970703125 68.9219970703125 68.9219970703125
20.4160003662109375 20.4160003662109375 20.4160003662109375 20.4160003662109375 20.4160003662109375 20.4160003662109375 20.4160003662109375 40.220001220703125 40.220001220703125 16.729000091552734375 16.729000091552734375 40.220001220703125 34.575000762939453125 34.575000762939453125 34.575000762939453125 34.575000762939453125 34.575000762939453125 34.575000762939453125 34.575000762939453125 34.575000762939453125 67.29000091552734375 67.29000091552734375 67.29000091552734375 30.784999847412109375 30.784999847412109375 30.784999847412109375 30.784999847412109375 44.467998504638671875 44.467998504638671875 44.467998504638671875 44.467998504638671875 44.467998504638671875 44.467998504638671875 44.467998504638671875 44.467998504638671875 38.102001190185546875 75.035003662109375 75.035003662109375 41.6699981689453125 41.6699981689453125 41.6699981689453125 68.9219970703125 68.9219970703125
20.4160003662109375 20.4160003662109375 20.4160003662109375 20.4160003662109375 20.4160003662109375 20.4160003662109375 20.4160003662109375 20.4160003662109375 40.220001220703125 40.220001220703125 40.220001220703125 40.220001220703125 40.220001220703125 40.220001220703125 34.575000762939453125 34.575000762939453125 34.575000762939453125 34.575000762939453125 34.575000762939453125 34.575000762939453125 67.29000091552734375 67.29000091552734375 67.29000091552734375 30.784999847412109375 30.784999847412109375 30.784999847412109375 30.784999847412109375 30.784999847412109375 44.467998504638671875 44.467998504638671875 44.467998504638671875 38.102001190185546875 38.102001190185546875 38.102001190185546875 44.467998504638671875 38.102001190185546875 38.102001190185546875 75.035003662109375 75.035003662109375 75.035003662109375 41.6699981689453125 75.035003662109375 68.9219970703125
20.4160003662109375 20.4160003662109375 20.4160003662109375 39.575000762939453125 39.575000762939453125 39.575000762939453125 39.575000762939453125 40.220001220703125 40.220001220703125 40.220001220703125 40.220001220703125 40.220001220703125 40.220001220703125 40.220001220703125 40.220001220703125 40.220001220703125 61.898998260498046875 61.898998260498046875 61.898998260498046875 67.29000091552734375 67.29000091552734375 67.29000091552734375 67.29000091552734375 67.29000091552734375 33.365001678466796875 30.784999847412109375 30.784999847412109375 30.784999847412109375 38.102001190185546875 38.102001190185546875 38.102001190185546875 38.102001190185546875 38.102001190185546875 38.102001190185546875 38.102001190185546875 38.102001190185546875 38.102001190185546875 75.035003662109375 75.035003662109375 75.035003662109375 75.035003662109375 68.9219970703125 68.9219970703125
20.4160003662109375 20.4160003662109375 39.575000762939453125 39.575000762939453125 39.575000762939453125 39.575000762939453125 39.575000762939453125 39.575000762939453125 40.220001220703125 40.220001220703125 40.220001220703125 40.220001220703125 40.220001220703125 33.601001739501953125 61.898998260498046875 33.601001739501953125 61.898998260498046875 61.898998260498046875 67.29000091552734375 67.29000091552734375 67.29000091552734375 67.29000091552734375 67.29000091552734375 33.365001678466796875 33.365001678466796875 33.365001678466796875 38.102001190185546875 30.784999847412109375 38.102001190185546875 38.102001190185546875 38.102001190185546875 38.102001190185546875 38.102001190185546875 38.102001190185546875 38.102001190185546875 38.102001190185546875 38.102001190185546875 75.035003662109375 75.035003662109375 75.035003662109375 75.035003662109375 75.035003662109375 68.9219970703125
20.4160003662109375 39.575000762939453125 39.575000762939453125 39.575000762939453125 39.575000762939453125 39.575000762939453125 39.575000762939453125 40.220001220703125 40.220001220703125 49.298000335693359375 49.298000335693359375 64.48799896240234375 64.48799896240234375 33.601001739501953125 33.601001739501953125 33.601001739501953125 33.601001739501953125 61.898998260498046875 61.898998260498046875 67.29000091552734375 67.29000091552734375 67.29000091552734375 67.29000091552734375 33.365001678466796875 33.365001678466796875 33.365001678466796875 33.365001678466796875 33.365001678466796875 38.102001190185546875 38.102001190185546875 38.102001190185546875 38.102001190185546875 38.102001190185546875 38.102001190185546875 38.102001190185546875 38.102001190185546875 38.102001190185546875 75.035003662109375 75.035003662109375 75.035003662109375 75.035003662109375 75.035003662109375 75.035003662109375
20.4160003662109375 39.575000762939453125 39.575000762939453125 39.575000762939453125 39.575000762939453125 39.575000762939453125 40.220001220703125 40.220001220703125 40.220001220703125 49.298000335693359375 64.48799896240234375 64.48799896240234375 64.48799896240234375 33.601001739501953125 33.601001739501953125 33.601001739501953125 61.898998260498046875 61.898998260498046875 61.898998260498046875 61.898998260498046875 67.29000091552734375 67.29000091552734375 67.29000091552734375 33.365001678466796875 33.365001678466796875 33.365001678466796875 33.365001678466796875 33.365001678466796875 38.102001190185546875 38.102001190185546875 38.102001190185546875 38.102001190185546875 38.102001190185546875 38.102001190185546875 38.102001190185546875 75.035003662109375 75.035003662109375 75.035003662109375 75.035003662109375 75.035003662109375 75.035003662109375 75.035003662109375 75.035003662109375
20.4160003662109375 39.575000762939453125 39.575000762939453125 39.575000762939453125 39.575000762939453125 40.220001220703125 40.220001220703125 40.220001220703125 40.220001220703125 49.298000335693359375 64.48799896240234375 64.48799896240234375 33.601001739501953125 33.601001739501953125 33.601001739501953125 61.898998260498046875 61.898998260498046875 61.898998260498046875 61.898998260498046875 61.898998260498046875 61.898998260498046875 67.29000091552734375 49.259998321533203125 33.365001678466796875 33.365001678466796875 33.365001678466796875 44.631000518798828125 44.631000518798828125 44.631000518798828125 70.6529998779296875 70.6529998779296875 38.102001190185546875 38.102001190185546875 38.102001190185546875 75.035003662109375 75.035003662109375 75.035003662109375 75.035003662109375 75.035003662109375 75.035003662109375 75.035003662109375 75.035003662109375 75.035003662109375
20.4160003662109375 39.575000762939453125 39.575000762939453125 39.575000762939453125 40.220001220703125 40.220001220703125 40.220001220703125 40.220001220703125 49.298000335693359375 49.298000335693359375 64.48799896240234375 64.48799896240234375 33.601001739501953125 33.601001739501953125 33.601001739501953125 61.898998260498046875 61.898998260498046875 61.898998260498046875 61.898998260498046875 61.898998260498046875 61.898998260498046875 67.29000091552734375 49.259998321533203125 49.259998321533203125 49.259998321533203125 44.631000518798828125 44.631000518798828125 44.631000518798828125 44.631000518798828125 70.6529998779296875 70.6529998779296875 38.102001190185546875 38.102001190185546875 38.102001190185546875 75.035003662109375 75.035003662109375 75.035003662109375 75.035003662109375 75.035003662109375 75.035003662109375 75.035003662109375 75.035003662109375 75.035003662109375
64.7239990234375 39.575000762939453125 39.575000762939453125 39.575000762939453125 40.220001220703125 40.220001220703125 40.220001220703125 40.220001220703125 49.298000335693359375 49.298000335693359375 64.48799896240234375 64.48799896240234375 64.48799896240234375 33.601001739501953125 64.48799896240234375 64.48799896240234375 61.898998260498046875 61.898998260498046875 61.898998260498046875 61.898998260498046875 67.29000091552734375 67.29000091552734375 49.259998321533203125 49.259998321533203125 44.631000518798828125 44.631000518798828125 44.631000518798828125 44.631000518798828125 70.6529998779296875 70.6529998779296875 38.102001190185546875 38.102001190185546875 38.102001190185546875 38.102001190185546875 38.102001190185546875 75.035003662109375 75.035003662109375 75.035003662109375 75.035003662109375 66.04399871826171875 66.04399871826171875 66.04399871826171875 75.035003662109375
64.7239990234375 39.575000762939453125 39.575000762939453125 39.575000762939453125 57.2089996337890625 40.220001220703125 49.298000335693359375 49.298000335693359375 49.298000335693359375 49.298000335693359375 49.298000335693359375 64.48799896240234375 64.48799896240234375 64.48799896240234375 64.48799896240234375 64.48799896240234375 33.868000030517578125 33.868000030517578125 33.868000030517578125 61.898998260498046875 49.259998321533203125 49.259998321533203125 49.259998321533203125 49.259998321533203125 49.259998321533203125 49.259998321533203125 44.631000518798828125 70.6529998779296875 70.6529998779296875 70.6529998779296875 70.6529998779296875 38.102001190185546875 38.102001190185546875 38.102001190185546875 38.102001190185546875 75.035003662109375 75.035003662109375 75.035003662109375 75.035003662109375 75.86299896240234375 75.86299896240234375 75.86299896240234375 66.04399871826171875
64.7239990234375 39.575000762939453125 39.575000762939453125 39.575000762939453125 57.2089996337890625 57.2089996337890625 49.298000335693359375 49.298000335693359375 49.298000335693359375 49.298000335693359375 49.298000335693359375 64.48799896240234375 64.48799896240234375 64.48799896240234375 64.48799896240234375 64.48799896240234375 33.868000030517578125 33.868000030517578125 33.868000030517578125 33.868000030517578125 49.259998321533203125 49.259998321533203125 49.259998321533203125 49.259998321533203125 49.259998321533203125 44.631000518798828125 44.631000518798828125 70.6529998779296875 70.6529998779296875 70.6529998779296875 70.6529998779296875 38.102001190185546875 70.6529998779296875 38.102001190185546875 70.6529998779296875 70.6529998779296875 70.6529998779296875 70.6529998779296875 70.6529998779296875 75.86299896240234375 75.86299896240234375 66.04399871826171875 66.04399871826171875
39.575000762939453125 39.575000762939453125 39.575000762939453125 39.575000762939453125 57.2089996337890625 49.298000335693359375 49.298000335693359375 49.298000335693359375 57.2089996337890625 57.2089996337890625 64.48799896240234375 57.2089996337890625 64.48799896240234375 64.48799896240234375 64.48799896240234375 45.729000091552734375 33.868000030517578125 33.868000030517578125 33.868000030517578125 33.868000030517578125 33.868000030517578125 49.259998321533203125 49.259998321533203125 49.259998321533203125 44.631000518798828125 44.631000518798828125 44.631000518798828125 49.259998321533203125 70.6529998779296875 70.6529998779296875 70.6529998779296875 70.6529998779296875 70.6529998779296875 70.6529998779296875 70.6529998779296875 70.6529998779296875 70.6529998779296875 70.6529998779296875 70.6529998779296875 75.86299896240234375 75.86299896240234375 66.04399871826171875 66.04399871826171875
39.575000762939453125 39.575000762939453125 39.575000762939453125 39.575000762939453125 57.2089996337890625 57.2089996337890625 57.2089996337890625 57.2089996337890625 57.2089996337890625 57.2089996337890625 57.2089996337890625 57.2089996337890625 57.2089996337890625 57.2089996337890625 64.48799896240234375 45.729000091552734375 33.868000030517578125 33.868000030517578125 33.868000030517578125 33.868000030517578125 33.868000030517578125 33.868000030517578125 49.259998321533203125 49.259998321533203125 49.259998321533203125 49.259998321533203125 49.259998321533203125 49.259998321533203125 70.6529998779296875 70.6529998779296875 70.6529998779296875 70.6529998779296875 70.6529998779296875 70.6529998779296875 70.6529998779296875 70.6529998779296875 70.6529998779296875 70.6529998779296875 75.86299896240234375 75.86299896240234375 75.86299896240234375 66.04399871826171875 66.04399871826171875
39.575000762939453125 39.575000762939453125 39.575000762939453125 39.575000762939453125 57.2089996337890625 57.2089996337890625 57.2089996337890625 57.2089996337890625 57.2089996337890625 57.2089996337890625 57.2089996337890625 57.2089996337890625 44.5579986572265625 44.5579986572265625 64.48799896240234375 45.729000091552734375 33.868000030517578125 33.868000030517578125 33.868000030517578125 33.868000030517578125 45.729000091552734375 33.868000030517578125 49.259998321533203125 49.259998321533203125 49.259998321533203125 49.259998321533203125 49.259998321533203125 70.6529998779296875 70.6529998779296875 70.6529998779296875 70.6529998779296875 70.6529998779296875 70.6529998779296875 70.6529998779296875 70.6529998779296875 70.6529998779296875 70.6529998779296875 70.6529998779296875 75.86299896240234375 75.86299896240234375 75.86299896240234375 75.86299896240234375 66.04399871826171875
39.575000762939453125 39.575000762939453125 39.575000762939453125 39.575000762939453125 57.2089996337890625 57.2089996337890625 57.2089996337890625 57.2089996337890625 57.2089996337890625 57.2089996337890625 57.2089996337890625 44.5579986572265625 44.5579986572265625 44.5579986572265625 44.5579986572265625 45.729000091552734375 33.868000030517578125 33.868000030517578125 45.729000091552734375 45.729000091552734375 45.729000091552734375 45.729000091552734375 49.259998321533203125 49.259998321533203125 49.259998321533203125 49.259998321533203125 49.259998321533203125 70.6529998779296875 70.6529998779296875 70.6529998779296875 70.6529998779296875 70.6529998779296875 70.6529998779296875 70.6529998779296875 70.6529998779296875 70.6529998779296875 70.6529998779296875 70.6529998779296875 75.86299896240234375 75.86299896240234375 75.86299896240234375 66.04399871826171875 75.86299896240234375
